start=2608.565000
volume-restore-data=pulse:100.000000:100.000000:0:600.000000
sub-delay=-0.200000
